{
 "cells": [
  {
   "cell_type": "code",
   "execution_count": 54,
   "metadata": {},
   "outputs": [],
   "source": [
    "import numpy as np\n",
    "import pandas as pd\n",
    "np.set_printoptions(precision=3,suppress=True)"
   ]
  },
  {
   "cell_type": "markdown",
   "metadata": {},
   "source": [
    "### Load Simulations"
   ]
  },
  {
   "cell_type": "code",
   "execution_count": 11,
   "metadata": {},
   "outputs": [],
   "source": [
    "simulations = np.load('../simulations/simulations.npz', allow_pickle=True)['arr_0']"
   ]
  },
  {
   "cell_type": "markdown",
   "metadata": {},
   "source": [
    "### GG, GI, II Compressed Training Set"
   ]
  },
  {
   "cell_type": "code",
   "execution_count": 12,
   "metadata": {},
   "outputs": [],
   "source": [
    "def extract(lens = 'gg', folder_name = '../simulations'):\n",
    "    \n",
    "    rec = [[] for i in range(12)]\n",
    "    n_train = len(simulations)\n",
    "    for i in range(n_train):\n",
    "        rec[0].append(simulations[i]['par'])\n",
    "        for j in range(11):\n",
    "            rec[j+1].append(simulations[i][lens][:,j])\n",
    "            \n",
    "    rec_df = []\n",
    "    df1 = pd.DataFrame(rec[0])\n",
    "    for i in range(11):    \n",
    "        df2 = pd.DataFrame(rec[i+1])\n",
    "        df_final = pd.concat([df1, df2], axis = 1)\n",
    "        df_final.columns = range(df_final.shape[1])\n",
    "        rec_df.append(df_final)\n",
    "        np.savez_compressed(folder_name + '/'+lens+'_'+str(i)+'.npz', df_final)\n",
    "    \n",
    "    return rec_df"
   ]
  },
  {
   "cell_type": "code",
   "execution_count": 13,
   "metadata": {},
   "outputs": [],
   "source": [
    "gg = extract(lens = 'gg')\n",
    "gi = extract(lens = 'gi')\n",
    "ii = extract(lens = 'ii')"
   ]
  },
  {
   "cell_type": "markdown",
   "metadata": {},
   "source": [
    "### Testing Covariance"
   ]
  },
  {
   "cell_type": "code",
   "execution_count": 80,
   "metadata": {},
   "outputs": [],
   "source": [
    "def compute_covariance(df):\n",
    "    samples = np.array(df.iloc[:,7:])\n",
    "    return np.cov(samples)"
   ]
  },
  {
   "cell_type": "markdown",
   "metadata": {},
   "source": [
    "#### Example"
   ]
  },
  {
   "cell_type": "code",
   "execution_count": 92,
   "metadata": {},
   "outputs": [
    {
     "data": {
      "text/plain": [
       "array([[ 33.885, -12.214,  -6.322,  -1.833,  -9.64 ,  -0.301,   1.09 ,\n",
       "          0.292,  -0.66 ,   0.955,  -3.121,   0.658,  -0.157,   0.087,\n",
       "         -0.856,  -0.569,  -0.211,  -0.112,  -0.545,   0.103],\n",
       "       [-12.214, 326.832, -33.263,  -2.158,  30.429, -24.453, -14.195,\n",
       "          3.936,   2.775,  -0.732,  21.09 ,   1.361,  -5.099,   0.015,\n",
       "          5.96 ,  -2.14 ,  -4.351,   0.666,   1.317, -10.654],\n",
       "       [ -6.322, -33.263,  27.32 ,  -0.018,  13.106,   5.113,   2.859,\n",
       "         -0.478,  -1.252,   1.458,  -1.387,   0.322,   9.662,   0.269,\n",
       "         -7.472,   0.993,  -2.021,  -0.289,  -1.29 ,  -6.406],\n",
       "       [ -1.833,  -2.158,  -0.018,   0.22 ,  -0.164,   0.598,   0.096,\n",
       "         -0.039,   0.083,  -0.04 ,  -0.463,  -0.11 ,  -0.298,  -0.013,\n",
       "          0.143,   0.085,   0.149,   0.037,   0.019,   0.227],\n",
       "       [ -9.64 ,  30.429,  13.106,  -0.164,  26.3  ,   3.131,  -0.262,\n",
       "          0.092,   0.087,   1.63 ,   6.167,  -0.091,   5.152,   0.246,\n",
       "         -5.155,   0.668,   0.098,   0.189,  -1.078,  -5.006],\n",
       "       [ -0.301, -24.453,   5.113,   0.598,   3.131,  25.776,   0.801,\n",
       "         -0.396,  -0.063,   0.415,  -1.341,  -0.955,  -2.276,   0.336,\n",
       "         -3.299,   0.977,  -0.939,   0.239,   0.233,  -2.236],\n",
       "       [  1.09 , -14.195,   2.859,   0.096,  -0.262,   0.801,   1.234,\n",
       "         -0.146,  -0.23 ,   0.24 ,  -0.542,  -0.115,   1.462,   0.   ,\n",
       "          0.186,   0.196,  -0.063,  -0.033,  -0.353,   0.201],\n",
       "       [  0.292,   3.936,  -0.478,  -0.039,   0.092,  -0.396,  -0.146,\n",
       "          0.095,   0.062,  -0.084,   0.453,   0.047,  -0.035,  -0.018,\n",
       "          0.074,  -0.055,  -0.152,   0.021,  -0.015,  -0.287],\n",
       "       [ -0.66 ,   2.775,  -1.252,   0.083,   0.087,  -0.063,  -0.23 ,\n",
       "          0.062,   0.21 ,  -0.067,   0.279,  -0.068,  -0.763,  -0.031,\n",
       "          0.055,  -0.037,   0.117,   0.067,  -0.014,   0.011],\n",
       "       [  0.955,  -0.732,   1.458,  -0.04 ,   1.63 ,   0.415,   0.24 ,\n",
       "         -0.084,  -0.067,   0.543,  -1.091,  -0.089,   0.387,   0.064,\n",
       "         -0.812,   0.138,   0.166,  -0.002,  -0.223,  -0.307],\n",
       "       [ -3.121,  21.09 ,  -1.387,  -0.463,   6.167,  -1.341,  -0.542,\n",
       "          0.453,   0.279,  -1.091,  11.064,   0.1  ,   1.363,  -0.162,\n",
       "          2.614,  -0.464,  -1.285,   0.04 ,  -0.203,  -0.896],\n",
       "       [  0.658,   1.361,   0.322,  -0.11 ,  -0.091,  -0.955,  -0.115,\n",
       "          0.047,  -0.068,  -0.089,   0.1  ,   0.157,   0.376,  -0.005,\n",
       "         -0.202,  -0.067,  -0.098,  -0.029,   0.05 ,  -0.233],\n",
       "       [ -0.157,  -5.099,   9.662,  -0.298,   5.152,  -2.276,   1.462,\n",
       "         -0.035,  -0.763,   0.387,   1.363,   0.376,   5.698,   0.056,\n",
       "         -0.861,   0.228,  -1.011,  -0.206,  -0.577,  -1.902],\n",
       "       [  0.087,   0.015,   0.269,  -0.013,   0.246,   0.336,   0.   ,\n",
       "         -0.018,  -0.031,   0.064,  -0.162,  -0.005,   0.056,   0.017,\n",
       "         -0.146,   0.025,  -0.001,  -0.007,   0.005,  -0.064],\n",
       "       [ -0.856,   5.96 ,  -7.472,   0.143,  -5.155,  -3.299,   0.186,\n",
       "          0.074,   0.055,  -0.812,   2.614,  -0.202,  -0.861,  -0.146,\n",
       "          5.394,  -0.256,   0.087,  -0.038,   0.299,   3.161],\n",
       "       [ -0.569,  -2.14 ,   0.993,   0.085,   0.668,   0.977,   0.196,\n",
       "         -0.055,  -0.037,   0.138,  -0.464,  -0.067,   0.228,   0.025,\n",
       "         -0.256,   0.112,   0.042,   0.008,  -0.05 ,  -0.1  ],\n",
       "       [ -0.211,  -4.351,  -2.021,   0.149,   0.098,  -0.939,  -0.063,\n",
       "         -0.152,   0.117,   0.166,  -1.285,  -0.098,  -1.011,  -0.001,\n",
       "          0.087,   0.042,   1.175,   0.045,   0.112,   1.478],\n",
       "       [ -0.112,   0.666,  -0.289,   0.037,   0.189,   0.239,  -0.033,\n",
       "          0.021,   0.067,  -0.002,   0.04 ,  -0.029,  -0.206,  -0.007,\n",
       "         -0.038,   0.008,   0.045,   0.029,  -0.018,  -0.041],\n",
       "       [ -0.545,   1.317,  -1.29 ,   0.019,  -1.078,   0.233,  -0.353,\n",
       "         -0.015,  -0.014,  -0.223,  -0.203,   0.05 ,  -0.577,   0.005,\n",
       "          0.299,  -0.05 ,   0.112,  -0.018,   0.29 ,   0.439],\n",
       "       [  0.103, -10.654,  -6.406,   0.227,  -5.006,  -2.236,   0.201,\n",
       "         -0.287,   0.011,  -0.307,  -0.896,  -0.233,  -1.902,  -0.064,\n",
       "          3.161,  -0.1  ,   1.478,  -0.041,   0.439,   4.091]])"
      ]
     },
     "execution_count": 92,
     "metadata": {},
     "output_type": "execute_result"
    }
   ],
   "source": [
    "compute_covariance(gg[0])"
   ]
  },
  {
   "cell_type": "code",
   "execution_count": null,
   "metadata": {},
   "outputs": [],
   "source": []
  }
 ],
 "metadata": {
  "kernelspec": {
   "display_name": "Python 3",
   "language": "python",
   "name": "python3"
  },
  "language_info": {
   "codemirror_mode": {
    "name": "ipython",
    "version": 3
   },
   "file_extension": ".py",
   "mimetype": "text/x-python",
   "name": "python",
   "nbconvert_exporter": "python",
   "pygments_lexer": "ipython3",
   "version": "3.7.6"
  }
 },
 "nbformat": 4,
 "nbformat_minor": 4
}
